1 2973 1.0088185
2 3075 0.9137456
3 2266 0.8261164
4 1601 0.76765776
5 2557 0.71334237
6 950 0.68843037
7 1468 0.68843037
8 3156 0.68843037
9 2433 0.594452
10 2570 0.594452
11 2289 0.5686563
12 1957 0.5663724
13 2838 0.5339811
14 2692 0.48292387
15 2114 0.47197703
16 141 0.41395304
17 392 0.41395304
18 1302 0.41395304
19 2685 0.40970725
20 2723 0.37758163
21 2896 0.35849383
22 1262 0.35481688
23 1367 0.35481688
24 1828 0.35481688
25 2182 0.35481688
26 2700 0.35481688
27 1158 0.33452457
28 2714 0.31291908
29 2785 0.30728042
30 371 0.29918474
31 1795 0.29568073
32 2952 0.29568073
33 2895 0.292709
34 1811 0.2897068
35 1660 0.28207406
36 1952 0.28207406
37 2007 0.28207406
38 2342 0.2644649
39 2401 0.25606704
40 2865 0.25606704
41 3059 0.25606704
42 2080 0.2508934
43 3073 0.2508934
44 1796 0.2493206
45 270 0.2468148
46 804 0.2468148
47 1342 0.2468148
48 2226 0.2468148
49 2325 0.2468148
50 1569 0.2365446
51 3044 0.2365446
52 2884 0.23321806
53 2851 0.23140681
54 2902 0.21591799
55 2950 0.21591799
56 3166 0.21591799
57 1551 0.21374789
58 1374 0.21155554
59 1658 0.21155554
60 1851 0.21155554
61 1953 0.21155554
62 2417 0.21155554
63 2505 0.21155554
64 2725 0.21155554
65 2830 0.21155554
66 2863 0.21155554
67 3061 0.21155554
68 2740 0.20907786
69 1008 0.20697652
70 1380 0.20697652
71 2727 0.20697652
72 1747 0.20485362
73 1846 0.20485362
74 2175 0.20485362
75 2195 0.20485362
76 1873 0.19945648
77 1924 0.19710524
78 2146 0.19710524
79 2273 0.19710524
80 2283 0.19710524
81 2903 0.19710524
82 3006 0.19710524
83 1392 0.18321247
84 2490 0.18321247
85 2679 0.18321247
86 1200 0.17740844
87 1341 0.17740844
88 1471 0.17740844
89 1536 0.17740844
90 1554 0.17740844
91 1603 0.17740844
92 1960 0.17740844
93 2514 0.17740844
94 3175 0.17740844
95 2025 0.1762963
96 2222 0.1762963
97 2236 0.1762963
98 2362 0.1762963
99 2426 0.1762963
100 2520 0.1762963
