1 2495 0.5975083
2 1947 0.5535952
3 1795 0.53610176
4 2748 0.528035
5 2559 0.4950907
6 1886 0.44647112
7 2897 0.43843484
8 2904 0.38659886
9 3080 0.38377044
10 2680 0.3617208
11 2537 0.3568571
12 3171 0.34712863
13 2491 0.3306753
14 2253 0.32735753
15 2944 0.3262091
16 2929 0.31939238
17 2464 0.28860432
18 1195 0.28224146
19 1564 0.2743894
20 2423 0.2743894
21 2374 0.27298835
22 3005 0.26183242
23 2033 0.26124457
24 1651 0.24911706
25 1655 0.24672866
26 2858 0.24334013
27 3053 0.24334013
28 3054 0.24068223
29 797 0.23872676
30 2856 0.23869252
31 2433 0.23437612
32 1234 0.23171572
33 2716 0.23156588
34 2701 0.22340249
35 1901 0.22280307
36 1542 0.2106169
37 2611 0.21029912
38 230 0.20888591
39 1064 0.20888591
40 1289 0.20888591
41 2835 0.20701885
42 267 0.20604253
43 1670 0.20255528
44 1992 0.20255528
45 2722 0.19925252
46 2745 0.19869836
47 2734 0.19712423
48 66 0.18918669
49 3129 0.17914577
50 1275 0.17904507
51 1414 0.17904507
52 48 0.17705749
53 1362 0.17705749
54 2711 0.1756262
55 2078 0.1752548
56 2133 0.17524926
57 1807 0.17389299
58 149 0.1717021
59 1757 0.1688053
60 1223 0.16849889
61 1235 0.16849351
62 3083 0.16805974
63 1369 0.16523181
64 1204 0.15765558
65 2645 0.15531684
66 2530 0.15202168
67 2892 0.15143192
68 1708 0.14958504
69 93 0.14920424
70 1065 0.14920424
71 2586 0.14920424
72 2389 0.14902377
73 2863 0.14902377
74 1652 0.14447135
75 1676 0.14430216
76 2836 0.14363311
77 2524 0.1414585
78 1465 0.14062326
79 2126 0.13736169
80 1523 0.13666514
81 1331 0.13049494
82 2498 0.12899466
83 2344 0.12832725
84 2950 0.12738775
85 124 0.12612447
86 1352 0.12610742
87 1429 0.12610742
88 2365 0.12610742
89 2816 0.12418647
90 2249 0.12392385
91 1030 0.1231686
92 693 0.12267449
93 1786 0.121533155
94 3175 0.121533155
95 3064 0.12141173
96 1735 0.12019147
97 3167 0.12019147
98 1066 0.11936338
99 1345 0.11936338
100 2262 0.1168706
