1 3127 1.1755296
2 1461 0.50642985
3 3068 0.40902123
4 2111 0.3230007
5 2069 0.31651866
6 2740 0.30766326
7 1462 0.28890023
8 1728 0.28890023
9 2597 0.28045723
10 2246 0.27498606
11 1750 0.2741132
12 2372 0.26916727
13 1247 0.26857498
14 2080 0.26857498
15 2482 0.26857498
16 2867 0.26857498
17 2379 0.26133278
18 1680 0.24681911
19 2319 0.24613062
20 2840 0.24135262
21 3025 0.24135262
22 2621 0.23838985
23 2541 0.23371433
24 2629 0.23371433
25 2632 0.23371433
26 1747 0.23342077
27 2317 0.23112017
28 2424 0.22735322
29 2138 0.22647284
30 2151 0.22647284
31 1751 0.2238125
32 2320 0.2238125
33 2950 0.2238125
34 3196 0.22226858
35 1923 0.22156307
36 3174 0.22156307
37 1930 0.21998885
38 1226 0.21734169
39 3141 0.21734169
40 1324 0.21344522
41 1951 0.21344522
42 2522 0.21344522
43 1236 0.20095375
44 1752 0.20095375
45 2777 0.20095375
46 322 0.1986582
47 2624 0.1986582
48 3026 0.1986582
49 2358 0.1930821
50 2374 0.18991122
51 3137 0.18991122
52 2378 0.18697147
53 2036 0.18111807
54 3028 0.18111807
55 2184 0.160763
56 2297 0.160763
57 2622 0.160763
58 1892 0.15892656
59 2625 0.15892656
60 696 0.15825933
61 1647 0.15825933
62 2095 0.15825933
63 2582 0.15825933
64 2972 0.15825933
65 3006 0.15825933
66 3050 0.15825933
67 3105 0.15825933
68 1517 0.12660746
69 1810 0.12660746
70 1854 0.12660746
71 1877 0.12660746
72 2342 0.12660746
73 2535 0.12660746
74 2542 0.12660746
75 2849 0.12660746
76 3002 0.12660746
77 1069 0.12368815
78 1755 0.12368815
79 2796 0.12368815
80 1050 0.10307345
81 1472 0.10203751
82 1591 0.092191696
83 2357 0.08926423
84 2868 0.08926423
85 2920 0.08926423
86 2311 0.08637957
87 2407 0.08637957
88 2345 0.08110635
89 2583 0.07804462
90 18 0.07726023
91 25 0.07726023
92 597 0.07726023
93 652 0.07726023
94 1360 0.07726023
95 1912 0.07726023
96 2479 0.07300406
97 3150 0.07300406
98 1464 0.072883934
99 1519 0.072883934
100 1534 0.072883934
