1 2967 0.7082254
2 2973 0.5330611
3 1811 0.51177335
4 634 0.47785187
5 891 0.41518122
6 2288 0.40007916
7 1927 0.38666227
8 2838 0.35851765
9 1457 0.35578042
10 2140 0.35020137
11 1699 0.34822118
12 1601 0.34366482
13 2530 0.34132278
14 2965 0.34132278
15 2976 0.34132278
16 3168 0.34132278
17 3169 0.34132278
18 1935 0.3378923
19 2519 0.32636416
20 3012 0.32482263
21 2278 0.3154637
22 1681 0.31271085
23 2114 0.3120005
24 2175 0.30691025
25 2865 0.29916105
26 1937 0.29438117
27 2882 0.28522927
28 2990 0.28351814
29 2516 0.28305733
30 1675 0.27305824
31 2645 0.27148092
32 2497 0.26721078
33 2307 0.2662603
34 1846 0.26329422
35 2455 0.26295358
36 1725 0.2572509
37 1032 0.25681505
38 2631 0.25681505
39 1959 0.2559755
40 1830 0.25568587
41 1359 0.25542647
42 1236 0.2507608
43 2711 0.2507608
44 1747 0.24959369
45 1613 0.24941622
46 239 0.24565716
47 275 0.24565716
48 651 0.24565716
49 1831 0.24565716
50 2070 0.24565716
51 2532 0.24565716
52 2561 0.24531764
53 2032 0.23892593
54 2493 0.23892593
55 1960 0.23832633
56 1976 0.23291053
57 2846 0.23022163
58 1788 0.22707391
59 3134 0.22261603
60 2896 0.22205634
61 2160 0.22039233
62 1367 0.21977878
63 2795 0.21719776
64 1262 0.21610773
65 2723 0.21551561
66 440 0.20856614
67 1652 0.20711954
68 1828 0.20607825
69 2141 0.20479368
70 2543 0.20479368
71 292 0.2047143
72 2412 0.2047143
73 2552 0.2047143
74 2781 0.2047143
75 2947 0.20427969
76 1456 0.20312296
77 2623 0.20312296
78 2484 0.202765
79 3135 0.20197439
80 2451 0.20110689
81 2722 0.19743586
82 2575 0.19686203
83 1108 0.19457446
84 2377 0.19457446
85 406 0.19209304
86 1527 0.1893306
87 2991 0.18778704
88 1680 0.18740638
89 1194 0.18609634
90 3075 0.18597947
91 2714 0.1854812
92 1742 0.18540506
93 2388 0.18319824
94 2650 0.18319824
95 2746 0.18319824
96 2895 0.18130824
97 2266 0.18030451
98 2785 0.18030451
99 2046 0.17937109
100 2050 0.17775506
