RANK ID SCORE RELEVANCE_LEVEL PRECISION RECALL NDCG
1 2973 1.0088185 1 1.0 0.0909090909091 1
2 3075 0.9137456 1 1.0 0.181818181818 1.0
3 2557 0.8322328 0 0.666666666667 0.181818181818 0.760187533432
4 2266 0.8261164 1 0.75 0.272727272727 0.798484858099
5 3156 0.8261164 1 0.8 0.363636363636 0.822852472069
6 1601 0.76765776 1 0.833333333333 0.454545454545 0.840208614405
7 950 0.68843037 1 0.857142857143 0.545454545455 0.853431204948
8 1468 0.68843037 0 0.75 0.545454545455 0.792095049182
9 2433 0.594452 0 0.666666666667 0.545454545455 0.741649918046
10 2570 0.594452 0 0.6 0.545454545455 0.699160793524
11 2289 0.5686563 0 0.545454545455 0.545454545455 0.662703567936
12 1957 0.5663724 0 0.5 0.545454545455 0.662703567936
13 2838 0.5339811 0 0.461538461538 0.545454545455 0.662703567936
14 2692 0.48292387 0 0.428571428571 0.545454545455 0.662703567936
15 141 0.4730892 1 0.466666666667 0.636363636364 0.708875712798
16 392 0.4730892 0 0.4375 0.636363636364 0.708875712798
17 1302 0.4730892 0 0.411764705882 0.636363636364 0.708875712798
18 2114 0.47197703 0 0.388888888889 0.636363636364 0.708875712798
19 2723 0.47197703 0 0.368421052632 0.636363636364 0.708875712798
20 2182 0.41395304 0 0.35 0.636363636364 0.708875712798
21 2685 0.40970725 0 0.333333333333 0.636363636364 0.708875712798
22 2714 0.39114887 1 0.363636363636 0.727272727273 0.749326948284
23 2896 0.35849383 0 0.347826086957 0.727272727273 0.749326948284
24 1262 0.35481688 0 0.333333333333 0.727272727273 0.749326948284
25 1367 0.35481688 0 0.32 0.727272727273 0.749326948284
26 1795 0.35481688 0 0.307692307692 0.727272727273 0.749326948284
27 1828 0.35481688 0 0.296296296296 0.727272727273 0.749326948284
28 2700 0.35481688 0 0.285714285714 0.727272727273 0.749326948284
29 2007 0.3525926 0 0.275862068966 0.727272727273 0.749326948284
30 371 0.34904885 0 0.266666666667 0.727272727273 0.749326948284
31 1158 0.33452457 0 0.258064516129 0.727272727273 0.749326948284
32 2785 0.30728042 0 0.25 0.727272727273 0.749326948284
33 1796 0.29918474 0 0.242424242424 0.727272727273 0.749326948284
34 2952 0.29568073 0 0.235294117647 0.727272727273 0.749326948284
35 2895 0.292709 0 0.228571428571 0.727272727273 0.749326948284
36 1811 0.2897068 0 0.222222222222 0.727272727273 0.749326948284
37 270 0.28207406 0 0.216216216216 0.727272727273 0.749326948284
38 804 0.28207406 0 0.210526315789 0.727272727273 0.749326948284
39 1342 0.28207406 0 0.205128205128 0.727272727273 0.749326948284
40 1660 0.28207406 0 0.2 0.727272727273 0.749326948284
41 1952 0.28207406 0 0.19512195122 0.727272727273 0.749326948284
42 2325 0.28207406 0 0.190476190476 0.727272727273 0.749326948284
43 2342 0.2644649 0 0.186046511628 0.727272727273 0.749326948284
44 2851 0.2644649 0 0.181818181818 0.727272727273 0.749326948284
45 2401 0.25606704 0 0.177777777778 0.727272727273 0.749326948284
46 2865 0.25606704 0 0.173913043478 0.727272727273 0.749326948284
47 3059 0.25606704 0 0.170212765957 0.727272727273 0.749326948284
48 2080 0.2508934 0 0.166666666667 0.727272727273 0.749326948284
49 3073 0.2508934 0 0.163265306122 0.727272727273 0.749326948284
50 1374 0.2468148 0 0.16 0.727272727273 0.749326948284
51 1851 0.2468148 0 0.156862745098 0.727272727273 0.749326948284
52 1953 0.2468148 0 0.153846153846 0.727272727273 0.749326948284
53 2226 0.2468148 0 0.150943396226 0.727272727273 0.749326948284
54 2417 0.2468148 0 0.148148148148 0.727272727273 0.749326948284
55 2725 0.2468148 0 0.145454545455 0.727272727273 0.749326948284
56 2830 0.2468148 0 0.142857142857 0.727272727273 0.749326948284
57 1551 0.2442833 0 0.140350877193 0.727272727273 0.749326948284
58 1569 0.2365446 0 0.137931034483 0.727272727273 0.749326948284
59 3044 0.2365446 0 0.135593220339 0.727272727273 0.749326948284
60 2884 0.23321806 0 0.133333333333 0.727272727273 0.749326948284
61 2902 0.21591799 0 0.131147540984 0.727272727273 0.749326948284
62 2950 0.21591799 0 0.129032258065 0.727272727273 0.749326948284
63 3166 0.21591799 0 0.126984126984 0.727272727273 0.749326948284
64 1658 0.21155554 0 0.125 0.727272727273 0.749326948284
65 2025 0.21155554 0 0.123076923077 0.727272727273 0.749326948284
66 2222 0.21155554 0 0.121212121212 0.727272727273 0.749326948284
67 2362 0.21155554 0 0.119402985075 0.727272727273 0.749326948284
68 2505 0.21155554 0 0.117647058824 0.727272727273 0.749326948284
69 2863 0.21155554 0 0.115942028986 0.727272727273 0.749326948284
70 2942 0.21155554 0 0.114285714286 0.727272727273 0.749326948284
71 3061 0.21155554 0 0.112676056338 0.727272727273 0.749326948284
72 2740 0.20907786 0 0.111111111111 0.727272727273 0.749326948284
73 1008 0.20697652 0 0.109589041096 0.727272727273 0.749326948284
74 1200 0.20697652 0 0.108108108108 0.727272727273 0.749326948284
75 1380 0.20697652 0 0.106666666667 0.727272727273 0.749326948284
76 2727 0.20697652 0 0.105263157895 0.727272727273 0.749326948284
77 1747 0.20485362 0 0.103896103896 0.727272727273 0.749326948284
78 1846 0.20485362 0 0.102564102564 0.727272727273 0.749326948284
79 2175 0.20485362 0 0.101265822785 0.727272727273 0.749326948284
80 2195 0.20485362 0 0.1 0.727272727273 0.749326948284
81 1873 0.19945648 0 0.0987654320988 0.727272727273 0.749326948284
82 2272 0.19945648 0 0.0975609756098 0.727272727273 0.749326948284
83 1924 0.19710524 0 0.0963855421687 0.727272727273 0.749326948284
84 2146 0.19710524 0 0.0952380952381 0.727272727273 0.749326948284
85 2273 0.19710524 0 0.0941176470588 0.727272727273 0.749326948284
86 2283 0.19710524 0 0.093023255814 0.727272727273 0.749326948284
87 2903 0.19710524 0 0.0919540229885 0.727272727273 0.749326948284
88 3006 0.19710524 0 0.0909090909091 0.727272727273 0.749326948284
89 1392 0.18321247 0 0.0898876404494 0.727272727273 0.749326948284
90 2490 0.18321247 0 0.0888888888889 0.727272727273 0.749326948284
91 2679 0.18321247 0 0.0879120879121 0.727272727273 0.749326948284
92 2997 0.18321247 0 0.0869565217391 0.727272727273 0.749326948284
93 1341 0.17740844 0 0.0860215053763 0.727272727273 0.749326948284
94 1471 0.17740844 0 0.0851063829787 0.727272727273 0.749326948284
95 1536 0.17740844 0 0.0842105263158 0.727272727273 0.749326948284
96 1554 0.17740844 0 0.0833333333333 0.727272727273 0.749326948284
97 1603 0.17740844 0 0.0824742268041 0.727272727273 0.749326948284
98 1960 0.17740844 0 0.0816326530612 0.727272727273 0.749326948284
99 2376 0.17740844 0 0.0808080808081 0.727272727273 0.749326948284
100 2514 0.17740844 0 0.08 0.727272727273 0.749326948284